5000
1000
33 1
82 7
23 16
68 1
18 9
80 13
67 14
36 11
52 3
29 6
79 20
30 7
82 12
24 2
41 19
27 14
69 1
66 6
56 3
77 10
47 7
49 4
33 10
33 14
41 20
51 8
56 16
44 9
92 14
35 19
90 6
52 16
10 17
12 12
81 16
12 18
98 1
38 14
61 9
25 2
19 9
52 11
28 8
78 8
92 11
76 20
88 8
34 13
44 7
34 9
31 19
41 7
63 10
22 13
15 17
17 19
25 1
58 6
16 9
72 5
64 11
19 14
50 15
55 7
44 18
99 4
71 15
26 18
78 4
96 19
23 8
71 13
36 6
99 4
35 7
80 10
31 15
99 13
70 4
22 20
53 13
82 5
24 10
63 20
28 10
91 20
53 16
70 4
27 19
88 5
24 8
18 4
53 19
78 4
16 15
88 11
89 4
22 3
90 19
99 14
34 18
11 17
77 5
23 5
97 12
71 12
89 3
99 6
92 14
94 11
99 19
91 2
58 16
76 10
87 2
63 20
23 11
52 11
39 16
17 3
12 2
61 8
93 2
90 12
49 6
64 11
48 15
65 4
86 13
12 15
21 6
43 6
34 4
49 6
87 2
93 8
39 11
28 19
96 6
16 10
14 7
74 15
55 20
91 5
21 10
100 15
68 14
43 14
39 10
74 1
13 7
54 7
28 2
84 4
11 3
46 16
61 18
11 4
18 3
46 19
17 7
78 3
21 10
62 10
52 3
70 18
100 16
49 11
53 17
54 16
82 4
20 14
35 3
76 13
50 3
75 8
29 7
75 1
35 16
32 5
33 16
66 12
42 16
32 20
64 13
33 18
79 13
94 2
79 5
70 11
63 11
10 4
44 8
75 7
93 6
29 6
15 13
53 4
83 20
91 2
22 9
73 19
53 16
49 4
32 4
58 8
79 15
53 6
63 19
43 13
48 15
13 5
51 15
55 12
61 15
86 19
42 13
49 5
85 9
72 19
14 1
54 2
88 2
97 14
66 8
49 2
39 2
15 3
96 11
52 17
80 8
99 2
50 7
96 3
82 16
53 5
10 9
98 19
56 12
40 17
28 8
25 20
71 10
46 11
76 9
28 18
68 11
48 20
76 8
85 9
23 9
38 10
32 4
67 3
11 20
52 8
37 4
86 16
11 15
79 4
59 1
78 12
96 8
16 10
16 14
86 9
63 6
66 4
89 2
40 20
16 2
86 17
79 2
72 1
78 2
19 18
54 3
62 8
94 12
78 3
86 15
88 3
62 5
16 2
17 9
25 20
32 11
68 12
56 5
63 7
71 2
54 20
98 19
68 2
83 1
39 12
81 2
64 14
64 15
38 12
61 4
68 9
45 14
62 20
55 12
60 9
42 14
74 20
15 6
25 6
92 7
20 12
74 12
44 2
84 2
13 8
14 6
48 18
12 8
41 7
88 4
10 15
41 2
25 1
96 7
34 17
39 18
19 12
84 16
21 13
23 8
29 14
93 17
67 2
28 12
50 14
51 14
70 8
44 17
23 17
49 14
100 14
63 16
45 4
15 8
69 12
75 1
23 10
81 17
88 4
100 3
39 14
94 18
84 7
57 5
82 5
42 9
95 9
42 8
33 6
42 3
54 2
50 7
61 16
81 3
93 4
93 20
25 14
66 20
60 1
47 4
52 3
64 2
62 11
47 5
11 16
65 11
63 20
16 6
56 17
68 7
23 2
41 16
69 3
30 2
95 19
11 5
99 6
34 15
17 5
92 9
72 13
82 13
67 16
88 7
62 8
27 5
58 12
60 14
21 7
78 8
61 3
70 18
88 20
80 10
14 14
32 3
55 13
10 6
73 19
69 9
66 1
35 6
58 5
28 6
85 18
59 10
22 2
59 2
73 2
25 3
65 20
52 15
36 5
13 3
32 12
18 6
31 1
87 6
30 15
49 15
30 5
56 17
90 8
68 14
61 14
50 7
79 7
42 1
40 11
32 12
33 17
60 10
97 13
49 6
59 7
99 10
29 19
70 15
18 13
86 6
37 1
55 15
19 8
12 15
83 15
42 15
59 8
45 14
14 8
59 1
79 17
72 13
19 1
49 12
72 10
41 3
47 12
19 2
24 12
83 7
87 17
19 7
64 13
54 17
47 1
44 15
91 19
73 11
74 11
57 6
83 7
41 17
24 12
43 15
43 10
41 1
65 7
26 14
85 3
73 2
83 1
61 5
93 20
58 12
47 15
47 8
56 16
91 14
25 3
55 20
47 8
86 7
87 1
89 11
91 8
72 13
16 8
81 9
13 11
63 7
28 6
65 4
88 14
94 17
94 7
77 9
98 15
71 7
29 7
78 6
30 13
46 10
13 2
79 8
92 3
79 3
10 16
86 2
36 17
67 9
25 8
33 4
63 13
49 4
58 9
47 14
67 19
48 2
85 20
73 5
51 6
76 20
75 7
17 9
82 11
63 3
93 2
39 16
76 6
99 14
84 17
68 12
25 19
92 7
13 13
37 6
64 6
54 5
91 18
48 11
55 20
91 20
10 14
86 6
86 9
43 20
47 10
22 7
91 15
100 17
16 20
29 14
44 18
39 8
63 3
73 13
70 20
88 1
40 8
11 20
90 7
19 16
61 13
61 4
100 3
43 20
39 10
10 15
27 17
33 19
65 10
15 2
43 18
66 16
98 5
88 5
70 15
57 8
60 15
29 11
99 15
64 7
68 7
51 12
99 12
14 3
15 9
23 12
94 8
85 8
77 17
74 4
32 6
90 9
10 3
15 7
77 3
36 13
74 11
37 16
96 12
68 5
50 11
56 3
19 16
34 20
60 12
42 6
62 9
84 1
32 3
49 2
51 9
25 13
66 2
32 17
65 1
41 19
79 17
56 20
77 16
59 6
41 4
53 15
49 6
17 12
48 18
14 10
73 8
24 8
18 1
77 7
75 2
55 1
97 6
57 15
64 4
13 20
14 1
74 9
14 11
13 18
27 1
89 13
23 1
82 7
88 4
44 9
18 16
90 15
21 12
55 9
25 2
20 5
49 12
61 15
13 13
65 17
84 12
33 2
44 11
92 6
50 8
52 17
13 4
45 17
77 9
33 2
12 7
66 19
87 4
45 6
47 2
94 2
26 17
25 10
27 3
32 11
45 1
93 8
18 8
23 20
34 4
61 3
26 15
53 7
14 19
35 13
43 14
73 8
73 4
67 1
54 15
25 4
72 20
84 19
73 3
46 19
59 12
15 15
93 16
47 20
15 2
81 8
59 13
43 13
88 19
76 15
73 2
35 7
47 17
93 16
34 12
72 15
86 6
11 10
60 12
42 4
10 16
77 2
20 17
79 8
34 6
25 4
20 11
46 20
55 17
38 8
46 11
26 14
84 16
27 1
37 11
75 12
92 11
35 18
83 11
90 15
14 1
82 19
16 12
64 5
37 8
23 16
83 10
83 8
35 13
94 13
75 14
92 18
47 1
22 8
57 11
63 18
81 9
39 17
79 9
29 17
85 5
36 15
11 9
60 8
90 18
25 3
19 15
69 17
10 6
73 10
65 3
56 9
70 12
98 15
89 6
29 12
55 13
68 5
50 8
84 17
73 19
25 19
12 15
87 7
51 17
45 4
26 15
12 7
66 8
34 12
60 3
63 15
82 1
99 1
27 18
75 16
21 1
87 3
26 18
50 8
20 8
13 5
22 20
100 18
12 8
74 17
33 11
41 19
68 14
38 9
13 9
93 12
58 14
97 19
42 18
39 4
88 19
80 12
21 1
24 16
64 11
54 4
56 13
15 19
95 13
56 15
91 15
28 10
58 6
31 1
30 17
37 6
86 7
72 6
57 2
46 20
37 16
36 12
19 7
42 6
38 14
50 5
30 19
22 6
93 17
22 9
27 13
74 9
82 17
38 11
21 12
45 1
18 18
95 6
51 13
87 2
11 18
29 1
14 9
70 13
54 14
56 13
26 13
38 12
70 8
64 20
43 3
79 10
97 20
77 17
48 16
51 5
32 4
62 15
97 20
38 18
40 1
51 4
85 10
55 2
85 16
33 5
19 19
85 15
52 10
78 16
82 20
92 4
75 19
72 6
58 14
85 13
87 1
64 13
63 17
35 1
12 18
84 4
12 15
69 15
66 3
74 1
79 6
54 14
100 17
99 20
17 12
61 15
60 5
48 6
75 20
37 4
77 9
15 1
45 9
19 9
25 17
58 5
73 5
90 4
73 20
54 3
60 14
69 3
54 15
41 7
64 8
55 8
58 3
95 19
38 14
99 8
89 19
30 8
82 13
25 8
15 18
54 12
90 12
19 12
33 2
36 5
69 11
14 15
50 11
83 5
36 3
48 3
15 13
97 1
18 17
91 13
55 4
83 10
96 8
47 16
44 4
38 5
18 18
82 2
65 12
39 20
25 13
20 6
15 4
21 4
91 16
54 13
74 12
10 4
34 13
80 8
16 6
81 10
11 13
45 20
84 7
61 16
10 5
59 14
88 12